23 24
[NODES]
2 528.0 2468.0 0
3 496.0 2240.0 0
4 431.0 2000.0 0
5 427.0 1793.0 0
6 443.0 1582.0 0
7 455.0 1395.0 0
8 533.0 1224.0 0
9 642.0 1074.0 0
10 553.0 915.0 0
11 732.0 1334.0 0
12 748.0 1570.0 0
13 780.0 1781.0 0
14 695.0 2122.0 0
15 687.0 2403.0 0
16 963.0 716.0 0
17 317.0 505.0 1
18 1110.0 1574.0 0
19 1419.0 1594.0 1
20 1061.0 1131.0 0
1 610.0 2716.0 0
21 930.0 1779.0 0
22 6478.0 3050.0 0
23 1269.0 1069.0 0
[EDGES]
2 3 183.0
3 4 183.0
4 5 181.0
5 6 181.0
6 7 181.0
7 8 133.0
8 9 133.0
9 10 183.0
9 11 205.0
9 16 75.0
10 17 73.0
11 12 207.0
11 20 63.0
12 13 205.0
12 18 75.0
13 14 205.0
13 21 120.0
14 15 205.0
16 20 63.0
18 19 61.0
18 22 20.0
20 23 170.0
1 2 181.0
1 15 207.0
[OFFICE]
5
