71 99
[NODES]
1 656582.88 963296.25 1
2 657289.06 963069.5 0
3 656852.19 963283.19 0
4 657294.63 963262.25 0
5 657933.44 963588.94 0
6 661346.75 960658.38 0
7 661252.19 960607.19 1
8 661547.63 960688.13 0
9 660262.19 961842.69 0
10 659947.69 961952.63 0
11 659120.75 962107.19 0
12 661689.69 962215.25 0
13 661623.88 962717.69 0
14 662482.81 962917.75 0
17 662131.88 963005.56 0
18 661006.88 962760.81 0
19 660673.44 962792.06 0
20 661012.0 963102.44 0
21 661221.06 963474.69 0
22 661856.94 963711.13 0
23 661860.75 963473.88 0
24 662326.0 962957.19 0
25 662031.81 962086.69 0
26 662135.06 963007.19 0
27 661853.69 963051.0 0
28 661141.5 961352.25 0
29 661319.63 961368.81 0
30 660878.69 961712.13 0
31 660390.13 962876.63 0
32 660381.19 963121.0 0
33 660557.31 961781.06 0
34 660596.63 962340.81 0
35 661308.0 961400.0 0
36 660857.63 962345.56 0
37 660500.44 962822.94 0
38 660618.31 962796.5 0
39 660651.25 962646.69 0
40 660461.31 962359.19 0
41 660533.31 962348.81 0
42 659046.31 962535.19 0
44 659015.0 962761.75 0
45 660704.56 963432.5 0
46 660447.38 963119.13 0
47 659504.06 963179.19 0
48 659732.88 963154.94 0
49 660377.06 963121.75 0
50 660375.88 963276.44 0
51 659734.19 963310.88 0
52 660371.38 963483.06 0
53 659739.94 963467.5 0
54 659230.13 963333.94 0
55 659229.19 963481.63 0
56 659457.44 963155.31 0
57 659097.25 963096.19 0
58 658198.44 963134.44 0
59 658026.94 963233.88 0
60 658114.75 963350.06 0
61 658119.75 963536.75 0
62 658025.81 963147.5 0
76 662523.13 960626.31 0
82 662454.0 963567.13 0
83 662458.63 963565.25 0
84 659408.69 963212.44 0
85 662548.06 963787.94 0
86 659408.69 963642.06 0
87 658728.69 962454.75 0
88 659408.69 963325.81 0
89 659408.69 963476.63 0
43 658738.69 962454.75 0
65 662568.19 960492.44 0
15 662492.56 962874.81 0
[EDGES]
1 2 101.0 
3 4 153.0 
3 5 101.0 
3 1 126.0 
6 7 101.0 
6 8 101.0 
9 6 101.0 
10 11 151.0 
15 14 353.0 
13 17 201.0 
18 13 203.0 
18 19 203.0 
20 18 101.0 
21 20 103.0 
22 23 101.0 
24 25 203.0 
14 24 351.0 
24 17 303.0 
26 17 201.0 
26 27 203.0 
21 22 103.0 
23 21 101.0 
27 23 103.0 
20 27 126.0 
19 20 101.0 
28 29 153.0 
28 30 101.0 
30 28 101.0 
31 32 103.0 
30 33 103.0 
34 30 101.0 
35 36 101.0 
31 11 103.0 
37 31 128.0 
37 38 203.0 
19 38 201.0 
40 39 103.0 
40 41 103.0 
9 40 101.0 
33 9 101.0 
41 33 103.0 
34 41 101.0 
39 34 103.0 
12 39 203.0 
25 12 151.0 
35 25 101.0 
29 35 101.0 
8 29 201.0 
42 11 253.0 
43 42 401.0 
44 42 353.0 
45 46 101.0 
47 48 253.0 
32 49 103.0 
46 32 103.0 
50 46 103.0 
49 50 103.0 
48 49 101.0 
51 48 201.0 
50 51 103.0 
52 50 103.0 
51 53 153.0 
54 55 101.0 
56 47 253.0 
44 57 303.0 
56 44 103.0 
57 56 201.0 
58 57 251.0 
59 60 126.0 
55 61 103.0 
52 53 101.0 
45 52 103.0 
61 5 126.0 
60 61 103.0 
58 60 101.0 
62 58 251.0 
62 2 103.0 
59 62 203.0 
4 59 203.0 
2 4 103.0 
65 6 103.0 
65 76 251.0 
86 45 103.0 
76 8 251.0 
82 83 101.0 
82 85 103.0 
22 85 101.0 
26 83 101.0 
5 86 103.0 
54 84 101.0 
83 85 101.0 
43 87 153.0 
55 89 101.0 
89 53 101.0 
55 88 101.0 
88 51 101.0 
84 88 101.0 
88 89 103.0 
55 86 103.0 
[OFFICE]
51
[NEW]
657029 963601 120
662127 961448 105
