35 37
[NODES]
2 5021.2 1582.17 0
3 5025.2 2585.42 0
4 5874.22 2588.3 0
5 6873.11 2588.3 0
6 8103.51 2585.42 0
7 8103.51 3234.67 0
8 8106.66 4179.28 0
9 8106.66 5133.78 0
10 7318.64 5133.78 0
11 7319.94 5831.65 0
12 7319.94 6671.19 0
13 5636.76 6676.24 1
14 6530.63 5133.78 0
15 5676.02 5133.78 0
16 5021.2 5133.78 0
17 5021.2 4412.36 0
18 5021.2 3868.52 0
19 5021.2 3191.49 0
20 3587.87 2588.3 0
21 3587.87 1300.84 0
22 3587.87 901.29 0
23 1978.55 2588.3 0
24 1975.58 4084.35 0
25 1980.46 5137.63 0
26 3077.46 5137.63 0
27 3933.52 5133.78 0
28 846.04 2588.2 0
29 -552.41 2588.2 0
30 -552.38 4369.06 0
31 -549.36 5137.63 0
32 536.45 5137.63 0
1 5360.71 1354.05 1
33 8457.0 5177.0 0
34 6478.0 3050.0 0
35 595.0 5929.0 0
[EDGES]
2 3 16.0
3 4 16.0
3 19 18.0
3 20 16.0
4 5 18.0
5 6 18.0
5 34 20.0
6 7 16.0
7 8 18.0
8 9 18.0
9 10 18.0
9 33 18.0
10 11 16.0
10 14 18.0
11 12 16.0
12 13 16.0
14 15 18.0
15 16 18.0
16 17 16.0
16 27 16.0
17 18 16.0
18 19 16.0
20 21 16.0
20 23 16.0
21 22 16.0
23 24 18.0
23 28 18.0
24 25 16.0
25 26 16.0
25 32 18.0
26 27 18.0
28 29 18.0
29 30 18.0
30 31 18.0
31 32 16.0
32 35 17.0
1 2 16.0
[OFFICE]
29
